object_list:
- arm_name: right
  object_name: biscuits
  pick_pose:
    orientation:
      w: 0.0
      x: 0.0
      y: 0.0
      z: 0.0
    position:
      x: 0.5413113236427307
      y: -0.2412845492362976
      z: 0.707617461681366
  place_pose:
    orientation:
      w: 0.0
      x: 0.0
      y: 0.0
      z: 0.0
    position:
      x: 0.0
      y: -0.71
      z: 0.8
  test_scene_num: 1
